>> contoh 5.1
>> num1=[1]; den1=[1 1 2 23];
>> [num, den]=feedback(num1,den1,[1],[1]);
>> roots(den)

ans =

  -3.0000 + 0.0000i
   1.0000 + 2.6458i
   1.0000 - 2.6458i

>> 

>> % contoh 5.2
>> K=[0:0.5:20];
for indx=1:length(K)
den=[1 2 4 K(indx)];
K(indx)
pole(:,indx)=roots(den);
pole(:,indx)
pause;
end
plot(real(pole),imag(pole),'x'), grid on;
hold on;
plot(real(pole),K,'.'), grid on;
xlabel('Real Axis');
ylabel('Imaginary Axis');

ans =

     0


ans =

   0.0000 + 0.0000i
  -1.0000 + 1.7321i
  -1.0000 - 1.7321i


ans =

    0.5000


ans =

  -0.9334 + 1.6971i
  -0.9334 - 1.6971i
  -0.1333 + 0.0000i


ans =

     1


ans =

  -0.8576 + 1.6661i
  -0.8576 - 1.6661i
  -0.2848 + 0.0000i


ans =

    1.5000


ans =

  -0.7725 + 1.6433i
  -0.7725 - 1.6433i
  -0.4549 + 0.0000i


ans =

     2


ans =

  -0.6806 + 1.6332i
  -0.6806 - 1.6332i
  -0.6389 + 0.0000i


ans =

    2.5000


ans =

  -0.5875 + 1.6387i
  -0.5875 - 1.6387i
  -0.8249 + 0.0000i


ans =

     3


ans =

  -0.5000 + 1.6583i
  -0.5000 - 1.6583i
  -1.0000 + 0.0000i


ans =

    3.5000


ans =

  -0.4214 + 1.6873i
  -0.4214 - 1.6873i
  -1.1571 + 0.0000i


ans =

     4


ans =

  -0.3522 + 1.7214i
  -0.3522 - 1.7214i
  -1.2956 + 0.0000i


ans =

    4.5000


ans =

  -0.2912 + 1.7577i
  -0.2912 - 1.7577i
  -1.4176 + 0.0000i


ans =

     5


ans =

  -1.5260 + 0.0000i
  -0.2370 + 1.7946i
  -0.2370 - 1.7946i


ans =

    5.5000


ans =

  -1.6232 + 0.0000i
  -0.1884 + 1.8311i
  -0.1884 - 1.8311i


ans =

     6


ans =

  -0.1443 + 1.8669i
  -0.1443 - 1.8669i
  -1.7113 + 0.0000i


ans =

    6.5000


ans =

  -1.7920 + 0.0000i
  -0.1040 + 1.9017i
  -0.1040 - 1.9017i


ans =

     7


ans =

  -1.8664 + 0.0000i
  -0.0668 + 1.9355i
  -0.0668 - 1.9355i


ans =

    7.5000


ans =

  -1.9355 + 0.0000i
  -0.0323 + 1.9683i
  -0.0323 - 1.9683i


ans =

     8


ans =

  -2.0000 + 0.0000i
  -0.0000 + 2.0000i
  -0.0000 - 2.0000i


ans =

    8.5000


ans =

  -2.0606 + 0.0000i
   0.0303 + 2.0308i
   0.0303 - 2.0308i


ans =

     9


ans =

  -2.1179 + 0.0000i
   0.0589 + 2.0606i
   0.0589 - 2.0606i


ans =

    9.5000


ans =

  -2.1721 + 0.0000i
   0.0860 + 2.0896i
   0.0860 - 2.0896i


ans =

    10


ans =

  -2.2236 + 0.0000i
   0.1118 + 2.1177i
   0.1118 - 2.1177i


ans =

   10.5000


ans =

  -2.2728 + 0.0000i
   0.1364 + 2.1451i
   0.1364 - 2.1451i


ans =

    11


ans =

  -2.3198 + 0.0000i
   0.1599 + 2.1717i
   0.1599 - 2.1717i


ans =

   11.5000


ans =

  -2.3649 + 0.0000i
   0.1824 + 2.1976i
   0.1824 - 2.1976i


ans =

    12


ans =

  -2.4082 + 0.0000i
   0.2041 + 2.2229i
   0.2041 - 2.2229i


ans =

   12.5000


ans =

  -2.4499 + 0.0000i
   0.2250 + 2.2476i
   0.2250 - 2.2476i


ans =

    13


ans =

  -2.4902 + 0.0000i
   0.2451 + 2.2717i
   0.2451 - 2.2717i


ans =

   13.5000


ans =

  -2.5290 + 0.0000i
   0.2645 + 2.2952i
   0.2645 - 2.2952i


ans =

    14


ans =

  -2.5667 + 0.0000i
   0.2833 + 2.3182i
   0.2833 - 2.3182i


ans =

   14.5000


ans =

  -2.6032 + 0.0000i
   0.3016 + 2.3408i
   0.3016 - 2.3408i


ans =

    15


ans =

  -2.6386 + 0.0000i
   0.3193 + 2.3628i
   0.3193 - 2.3628i


ans =

   15.5000


ans =

  -2.6730 + 0.0000i
   0.3365 + 2.3844i
   0.3365 - 2.3844i


ans =

    16


ans =

  -2.7064 + 0.0000i
   0.3532 + 2.4056i
   0.3532 - 2.4056i


ans =

   16.5000


ans =

  -2.7390 + 0.0000i
   0.3695 + 2.4264i
   0.3695 - 2.4264i


ans =

    17


ans =

  -2.7707 + 0.0000i
   0.3854 + 2.4468i
   0.3854 - 2.4468i


ans =

   17.5000


ans =

  -2.8017 + 0.0000i
   0.4009 + 2.4669i
   0.4009 - 2.4669i


ans =

    18


ans =

  -2.8320 + 0.0000i
   0.4160 + 2.4866i
   0.4160 - 2.4866i


ans =

   18.5000


ans =

  -2.8615 + 0.0000i
   0.4307 + 2.5059i
   0.4307 - 2.5059i


ans =

    19


ans =

  -2.8904 + 0.0000i
   0.4452 + 2.5249i
   0.4452 - 2.5249i


ans =

   19.5000


ans =

  -2.9186 + 0.0000i
   0.4593 + 2.5437i
   0.4593 - 2.5437i


ans =

    20


ans =

  -2.9463 + 0.0000i
   0.4732 + 2.5621i
   0.4732 - 2.5621i


>> ylabel('Imaginary Axis');

>> % contoh 5.3
>> sys=tf([1],[1,3]);
>> [r, k]=rlocus(sys);
r=rlocus(sys,[0 3 9]);
>> rlocus(sys);
