>> contoh 3.1
>> sys=tf([1 2],[1 4 3]);
>> t=0:0.1:10

t =

  Columns 1 through 6

         0    0.1000    0.2000    0.3000    0.4000    0.5000

  Columns 7 through 12

    0.6000    0.7000    0.8000    0.9000    1.0000    1.1000

  Columns 13 through 18

    1.2000    1.3000    1.4000    1.5000    1.6000    1.7000

  Columns 19 through 24

    1.8000    1.9000    2.0000    2.1000    2.2000    2.3000

  Columns 25 through 30

    2.4000    2.5000    2.6000    2.7000    2.8000    2.9000

  Columns 31 through 36

    3.0000    3.1000    3.2000    3.3000    3.4000    3.5000

  Columns 37 through 42

    3.6000    3.7000    3.8000    3.9000    4.0000    4.1000

  Columns 43 through 48

    4.2000    4.3000    4.4000    4.5000    4.6000    4.7000

  Columns 49 through 54

    4.8000    4.9000    5.0000    5.1000    5.2000    5.3000

  Columns 55 through 60

    5.4000    5.5000    5.6000    5.7000    5.8000    5.9000

  Columns 61 through 66

    6.0000    6.1000    6.2000    6.3000    6.4000    6.5000

  Columns 67 through 72

    6.6000    6.7000    6.8000    6.9000    7.0000    7.1000

  Columns 73 through 78

    7.2000    7.3000    7.4000    7.5000    7.6000    7.7000

  Columns 79 through 84

    7.8000    7.9000    8.0000    8.1000    8.2000    8.3000

  Columns 85 through 90

    8.4000    8.5000    8.6000    8.7000    8.8000    8.9000

  Columns 91 through 96

    9.0000    9.1000    9.2000    9.3000    9.4000    9.5000

  Columns 97 through 101

    9.6000    9.7000    9.8000    9.9000   10.0000

>> u=sin(1.2*t)

u =

  Columns 1 through 6

         0    0.1197    0.2377    0.3523    0.4618    0.5646

  Columns 7 through 12

    0.6594    0.7446    0.8192    0.8820    0.9320    0.9687

  Columns 13 through 18

    0.9915    0.9999    0.9940    0.9738    0.9396    0.8919

  Columns 19 through 24

    0.8314    0.7589    0.6755    0.5823    0.4808    0.3724

  Columns 25 through 30

    0.2586    0.1411    0.0216   -0.0982   -0.2167   -0.3320

  Columns 31 through 36

   -0.4425   -0.5467   -0.6430   -0.7301   -0.8066   -0.8716

  Columns 37 through 42

   -0.9240   -0.9631   -0.9884   -0.9995   -0.9962   -0.9785

  Columns 43 through 48

   -0.9468   -0.9015   -0.8432   -0.7728   -0.6912   -0.5997

  Columns 49 through 54

   -0.4996   -0.3924   -0.2794   -0.1625   -0.0432    0.0767

  Columns 55 through 60

    0.1955    0.3115    0.4231    0.5285    0.6263    0.7151

  Columns 61 through 66

    0.7937    0.8608    0.9155    0.9571    0.9849    0.9985

  Columns 67 through 72

    0.9978    0.9827    0.9535    0.9106    0.8546    0.7863

  Columns 73 through 78

    0.7067    0.6169    0.5182    0.4121    0.3001    0.1837

  Columns 79 through 84

    0.0647   -0.0552   -0.1743   -0.2910   -0.4034   -0.5100

  Columns 85 through 90

   -0.6093   -0.6999   -0.7803   -0.8496   -0.9066   -0.9506

  Columns 91 through 96

   -0.9809   -0.9971   -0.9990   -0.9865   -0.9598   -0.9193

  Columns 97 through 101

   -0.8656   -0.7994   -0.7218   -0.6337   -0.5366

>> lsim(sys,u,t)

>> grid
>>

>> % contoh 3.2
>> A = [-1.5 -3; 3 -1];
>> B = [1.3; 0];
>> C = [1.15 2.3];
>> D = 0;
>> sys = ss(A,B,C,D);
>> x0 = [-0.2 0.3];
>> t = 0:0.05:8;
>> u = zeros(length(t),1);
>> u(t>=2) = 1;
>> lsim(sys,u,t,x0)
>> % [y,t,x]=lsim(sys,u,t,x0)
>> % plot(t,y)
>> grid on

>> % contoh 3.3
>> sys = tf([1 -1],[1 2 3 4]);
>> [y,t] = impulse(sys);
>> plot(t,y);
>> s = lsiminfo(y,t,0)

s = 

  struct with fields:

    TransientTime: 22.8700
     SettlingTime: NaN
             Peak: 0.4268
         PeakTime: 2.0088
              Min: -0.4268
          MinTime: 2.0088
              Max: 0.2847
          MaxTime: 4.0733

>> 
